  -1.4321877e-14   8.4066133e-15   0.0000000e+00   0.0000000e+00   0.0000000e+00   1.1750578e-16
   1.3736716e-01   3.2721530e-01  -1.8358232e-02   1.6079735e-02  -1.6881823e-03  -1.2827718e-03
   8.7517203e-02   2.9543471e-01   3.6305139e-01   9.7023672e-03   4.8811957e-04  -4.8067027e-04
   8.1330173e-02   2.9157729e-01   3.8419128e-01   9.4838614e-03   4.9012838e-05   1.8646575e-04
   4.8680657e-02   2.5117777e-01   4.2091555e-01   8.5461973e-03  -4.8423895e-04   2.9587829e-04
   5.2381938e-02   2.6431568e-01   4.2190954e-01   9.3981027e-03  -1.5873855e-04   2.6582828e-04
   5.4083318e-02   2.6928097e-01   3.9000049e-01   9.4697315e-03  -7.3121921e-05   8.2314436e-05
   4.7106649e-02   2.7936395e-01   4.3459772e-01   9.3863101e-03  -6.7519364e-05   1.6767807e-04
   3.9860137e-02   3.0262887e-01   4.1794092e-01   1.0105161e-02  -4.3605154e-05   3.7282121e-04
   4.4009962e-02   2.9447374e-01   4.6572169e-01   9.8205340e-03   4.3029035e-04   3.2140455e-04
   4.9034679e-02   2.7342847e-01   4.7691226e-01   9.5833863e-03   3.3027078e-04   2.2659727e-04
   3.3913693e-02   2.8718445e-01   4.7332001e-01   9.6582813e-03   3.5178397e-04   9.3107860e-05
   4.5455255e-02   2.7759814e-01   5.0301198e-01   9.3797787e-03   3.6359608e-04   3.5739300e-04
   3.9588973e-02   2.6392037e-01   4.8683301e-01   8.6398190e-03   2.4644908e-04   1.8017238e-04
   2.0364899e-02   2.4293114e-01   5.1388162e-01   7.8082566e-03   3.1380590e-04   4.3868270e-05
   5.0922147e-02   2.7829669e-01   4.7097006e-01   9.0088142e-03   6.5955478e-04   4.5045222e-04
   6.2938443e-02   2.5881738e-01   4.7283519e-01   8.9138836e-03   8.9415423e-04   2.5736284e-04
   7.7689170e-02   2.4682755e-01   4.6480922e-01   8.6701851e-03   1.0299106e-03   2.1757389e-04
   7.9514781e-02   2.6376933e-01   4.1999105e-01   8.6578996e-03   1.0783434e-03   1.4356393e-04
   6.8587508e-02   2.4281940e-01   4.4448552e-01   8.5940405e-03   1.0760167e-03   1.6795257e-04
   6.3352683e-02   2.5894728e-01   4.5988444e-01   9.0226257e-03   9.4491138e-04   2.2573091e-04
   5.8351161e-02   2.6759148e-01   4.3283703e-01   9.3771946e-03   1.1488246e-03   2.6298927e-04
   5.4078319e-02   2.5023548e-01   4.6270402e-01   9.1813001e-03   9.6698962e-04   2.4865734e-04
   6.8370930e-02   2.6632664e-01   3.7762388e-01   9.2536113e-03   9.1138348e-04   2.0919860e-04
   4.5374214e-02   2.1777878e-01   4.9028050e-01   8.4531919e-03   9.9412211e-04   1.5317307e-04
   7.5326855e-02   2.5863332e-01   4.5723772e-01   8.7931582e-03   1.2553301e-03   4.4523117e-04
   6.7605760e-02   2.4384737e-01   5.1236800e-01   8.5789613e-03   1.5186277e-03   2.5576359e-04
   6.5145062e-02   2.5640630e-01   4.9386693e-01   8.6538858e-03   1.2992071e-03   1.6635860e-04
   5.5046818e-02   2.5402218e-01   4.8707806e-01   8.1499708e-03   1.0653301e-03   1.7029777e-04
   5.0954711e-02   2.5419427e-01   5.2001630e-01   8.2629443e-03   1.4133930e-03   4.4484505e-05
   5.0651628e-02   2.4791059e-01   4.8989738e-01   7.8727914e-03   1.4761271e-03   1.9831606e-05
   3.4482898e-02   2.2947067e-01   5.2128704e-01   7.2463128e-03   1.4353557e-03  -1.9501799e-04
   6.1224321e-02   2.2671952e-01   5.0527147e-01   7.4891060e-03   1.6899450e-03  -7.6466901e-05
   6.6748711e-02   2.2290667e-01   4.7945017e-01   7.5228516e-03   1.9396981e-03  -1.9999032e-05
   6.9012096e-02   2.3749541e-01   4.9557321e-01   7.5507675e-03   2.1353802e-03   1.3517621e-04
   5.2694420e-02   2.4591160e-01   5.0029583e-01   7.8872663e-03   1.7627489e-03   1.3981721e-04
   5.2204498e-02   2.3277423e-01   5.5687019e-01   7.6909231e-03   1.8376155e-03   1.6336191e-04
   5.4520645e-02   2.3735313e-01   5.4214509e-01   7.5957485e-03   2.4541997e-03   1.6482115e-04
   6.7099702e-02   2.4451242e-01   5.6655014e-01   8.2854123e-03   2.2925238e-03   2.4650607e-04
   7.3088430e-02   2.5916136e-01   5.0463671e-01   8.6833836e-03   2.0638438e-03   1.4114752e-04
   6.2176071e-02   2.5092565e-01   5.4647449e-01   8.5141807e-03   2.1106731e-03   1.4224410e-04
   6.2158605e-02   2.7008375e-01   4.9876224e-01   8.7741054e-03   2.0254862e-03   1.6376176e-04
   4.7976304e-02   2.3444280e-01   5.5477571e-01   8.2067819e-03   1.8310651e-03   1.0614924e-04
   5.8121689e-02   2.9123751e-01   4.9980215e-01   9.3716361e-03   1.7712676e-03   1.4423142e-04
   4.6968739e-02   2.7482111e-01   5.3412683e-01   8.9521435e-03   1.8738221e-03  -5.2051544e-07
   5.1224861e-02   2.6898204e-01   5.3676959e-01   8.9326358e-03   1.9130066e-03   1.4047559e-04
   5.4550024e-02   2.5961293e-01   5.1130929e-01   8.6990395e-03   2.2396952e-03  -9.3279000e-05
   5.7929271e-02   2.6279186e-01   5.3776538e-01   8.9837867e-03   2.2147416e-03   1.4843561e-04
   7.9779382e-02   2.7173700e-01   4.7858233e-01   9.1592398e-03   2.1938309e-03   1.1766927e-04
   5.3626219e-02   2.4113709e-01   5.0048729e-01   8.7806405e-03   2.0267142e-03   8.4457624e-05
   6.9320881e-02   2.5375708e-01   4.6808710e-01   9.3282005e-03   2.1039914e-03   1.7926065e-04
   3.2912341e-02   2.2788982e-01   4.6370484e-01   8.7888361e-03   1.2182260e-03   7.5398832e-06
   5.2899968e-02   2.3724800e-01   4.8125394e-01   8.8908679e-03   1.5813646e-03   5.5657769e-05
   5.4055863e-02   2.7812820e-01   4.2321107e-01   9.6437150e-03   1.7809363e-03   3.1066381e-05
   5.6177361e-02   2.6020429e-01   4.6996222e-01   9.4923542e-03   1.8424936e-03   2.5143708e-04
   7.2167568e-02   2.9711402e-01   4.2587501e-01   1.0002300e-02   1.9772079e-03   1.5530899e-04
   6.1789494e-02   2.7636252e-01   4.5096823e-01   9.7806470e-03   2.0792601e-03   3.3021754e-05
   6.7255006e-02   2.8001577e-01   5.0315054e-01   1.0084362e-02   2.1225598e-03  -1.4229989e-04
   5.3957107e-02   2.8595200e-01   4.3288202e-01   9.8602459e-03   2.0112364e-03  -8.3210843e-05
   5.8809641e-02   2.5127456e-01   4.5944458e-01   9.3421301e-03   2.0578122e-03  -1.1705985e-04
   7.8537672e-02   2.9653234e-01   4.0049074e-01   1.0146533e-02   2.1847590e-03   1.4794611e-04
   6.0292017e-02   2.6739286e-01   4.5334087e-01   9.6977635e-03   2.1142437e-03   6.4610588e-06
   6.4641290e-02   2.6779721e-01   4.1784010e-01   1.0089371e-02   2.0286543e-03  -5.5375612e-05
   4.3361711e-02   2.4340590e-01   4.8740250e-01   9.4780090e-03   2.0277516e-03  -6.3867649e-05
   5.1038659e-02   2.6342306e-01   4.1792312e-01   9.7698957e-03   1.7494711e-03  -7.8225943e-05
   4.9817164e-02   2.5868384e-01   4.2688237e-01   9.6052888e-03   1.9425688e-03  -1.8393877e-04
   6.1115931e-02   2.8573740e-01   4.4283492e-01   9.9329876e-03   2.0008558e-03   7.0067187e-06
   6.2980743e-02   2.8920128e-01   4.0518838e-01   1.0040627e-02   2.1130684e-03  -1.0409867e-04
   5.5279921e-02   2.7315201e-01   4.7676478e-01   9.8183766e-03   1.9593926e-03  -8.5841864e-05
   7.0988007e-02   2.6946366e-01   4.3740072e-01   1.0018585e-02   1.9948461e-03  -2.4871855e-04
   6.1259284e-02   2.5676362e-01   4.7380854e-01   9.6162736e-03   1.9981155e-03  -2.3323876e-04
   7.1969120e-02   2.5265189e-01   4.5221382e-01   9.7715078e-03   1.8315628e-03  -3.0435818e-04
   5.5589233e-02   2.4456858e-01   4.4831371e-01   9.7450765e-03   1.6164811e-03  -3.7235078e-04
   5.8469000e-02   2.1065543e-01   4.7786409e-01   9.3200357e-03   1.6117042e-03  -4.7412051e-04
   5.6723238e-02   2.1315691e-01   4.0448009e-01   9.0863030e-03   1.2305033e-03  -3.7412643e-04
   3.5470056e-02   2.2808995e-01   4.6349556e-01   8.9067457e-03   1.2341483e-03  -2.6617010e-04
   4.3444105e-02   2.6460786e-01   4.2631250e-01   9.3947800e-03   1.3252441e-03  -2.9525243e-04
   3.3761502e-02   2.4468637e-01   4.7158212e-01   8.9923431e-03   1.4114651e-03  -3.2967846e-04
   5.6825873e-02   2.6497532e-01   4.4174683e-01   9.7684170e-03   1.4819586e-03  -7.3622929e-05
   5.6118435e-02   2.2615894e-01   4.3345682e-01   9.3083453e-03   1.4815784e-03  -8.7360832e-05
   5.4104350e-02   2.2136537e-01   4.6311779e-01   9.3294190e-03   1.2720646e-03  -1.6304264e-04
   5.2819226e-02   2.4270185e-01   4.3967862e-01   9.6524982e-03   1.3375982e-03  -1.8470906e-04
   4.9731137e-02   2.2931878e-01   4.7393313e-01   9.3856078e-03   1.3303569e-03  -3.9354119e-04
   5.1546356e-02   2.7460845e-01   4.1533594e-01   1.0320070e-02   1.2646988e-03  -1.3710940e-04
   3.6632127e-02   2.4309985e-01   4.4957415e-01   9.6069819e-03   1.0251366e-03  -2.6839571e-04
   5.1797925e-02   2.8461928e-01   4.3571469e-01   1.0371387e-02   1.3169704e-03  -1.3441289e-04
   4.8216868e-02   2.8565998e-01   4.5248544e-01   1.0089018e-02   1.3995438e-03  -2.9878633e-04
   5.0557598e-02   2.7726749e-01   4.8500226e-01   9.8510881e-03   1.3880752e-03  -1.3378725e-04
   6.1092002e-02   3.0368758e-01   4.1312157e-01   1.0404509e-02   1.7091787e-03  -1.2420346e-04
   3.5335123e-02   2.8951445e-01   4.5194792e-01   1.0014913e-02   1.3285827e-03  -2.8961825e-04
   4.1433176e-02   3.1152168e-01   4.2127364e-01   1.0751587e-02   1.2107586e-03  -4.1083248e-04
   3.6075502e-02   2.8505546e-01   4.7883201e-01   1.0095131e-02   1.1746281e-03  -3.6187088e-04
   4.3048681e-02   2.7869918e-01   4.3418339e-01   9.9260886e-03   1.0763144e-03  -5.4915746e-04
   2.7625551e-02   2.4543237e-01   4.3889500e-01   9.4149707e-03   1.2770723e-03  -8.9734642e-04
   2.6040822e-02   2.3150699e-01   4.7413358e-01   9.3298071e-03   8.5859313e-04  -7.1399686e-04
   2.3260508e-02   2.5978154e-01   4.2647394e-01   9.7467973e-03   9.4871902e-04  -7.7983015e-04
   2.0402187e-02   1.7408971e-01   4.6730050e-01   8.6141178e-03   6.6383875e-04  -5.8749076e-04
   3.4589060e-02   1.9503197e-01   4.0215455e-01   9.0486801e-03   7.7634128e-04  -4.8049899e-04
   3.4018738e-02   2.2975853e-01   4.1213806e-01   9.3678790e-03   5.4215946e-04  -5.4298124e-04
   3.3548643e-02   2.4654538e-01   3.4397429e-01   9.6386447e-03   3.7179294e-04  -6.7898410e-04
   7.8047641e-03   2.1450757e-01   4.0975713e-01   9.0362233e-03   4.4656070e-04  -7.7586889e-04
   2.6100860e-02   1.4390903e-01   7.0174651e-01   8.8881463e-03   2.7766130e-04  -1.0757943e-03
   5.4387703e-02   2.0784498e-01   3.3011145e-01   6.9581852e-03   6.2570531e-04  -3.6765641e-04
   7.8542842e-02   2.8265770e-01   3.3737078e-01   6.6612271e-03   1.9316180e-03  -1.2764857e-03
   7.8169961e-02   3.1038775e-01   3.2613310e-01   7.4961535e-03   2.0220625e-03  -1.3369349e-03
   4.6028956e-02   3.2155552e-01   3.5708184e-01   7.9685989e-03   2.0052707e-03  -5.8785816e-04
   6.0572268e-02   2.6596747e-01   4.1085704e-01   7.5094873e-03   1.5570867e-03  -1.0865882e-03
   1.9539504e-01   2.9153625e-01   2.1798263e-01   1.0377870e-02   3.8388849e-03  -3.3439800e-04
   3.7005111e-01   3.4503470e-01  -2.6260716e-01   1.2624724e-02   5.4486130e-03   1.2303283e-03
   3.5852924e-01   2.0820952e-01  -2.4973779e-01   9.4758030e-03   3.1330690e-03   1.9493187e-03
   2.8031390e-01   9.4228665e-02   8.7355379e-01   6.4253762e-03   2.1006276e-03   1.2959306e-03
   2.5226368e-01   1.2091226e-01   8.7791325e-01   6.2839123e-03   2.6551260e-03   2.3641303e-04
   2.4855589e-01   1.5917326e-01   8.1463109e-01   6.0454484e-03   2.1708653e-03  -2.3324053e-04
   2.6797425e-01   1.8539912e-01   7.7844577e-01   6.1970513e-03   2.5591183e-03  -9.8521502e-05
   2.4521158e-01   1.8520536e-01   8.3702334e-01   6.4431332e-03   2.7398651e-03  -2.4289741e-04
   2.5838740e-01   2.5054773e-01   8.0390361e-01   7.2199204e-03   2.5788205e-03  -8.8856924e-05
   2.5880078e-01   2.3888637e-01   8.6923236e-01   6.4071230e-03   2.7502232e-03   1.6383472e-04
   2.6017332e-01   2.9541593e-01   8.2992744e-01   7.0879722e-03   2.7911335e-03  -1.6776000e-04
   1.3765039e-01   3.8521865e-02  -6.3386013e-01   3.0002066e-03   3.4431910e-03  -1.7988624e-03
   2.2580134e-01   7.3756162e-02  -1.2571967e-01   4.0842903e-03   4.2509284e-03  -2.9340118e-03
   2.6810845e-01   1.0151664e-01   7.9700343e-03   4.8416324e-03   4.5974622e-03  -2.5738309e-03
   2.0252142e-01   8.5498608e-02   1.5671483e-01   3.8997975e-03   5.3965221e-03  -3.1783326e-03
   7.9650578e-02   3.1800057e-02  -1.8035347e-02   7.4799802e-04   3.9914497e-04  -2.5510048e-03
   1.4374970e-01   2.6679847e-02   1.4883395e-01   2.1946342e-03   2.3648846e-03  -2.4663981e-03
   1.5961262e-01   7.5735917e-02  -1.0694198e-01   1.8624756e-03   2.6183605e-03  -2.4374651e-03
   1.6902535e-01   8.4273487e-02   4.1935324e-02   3.1076503e-03   3.0921226e-03  -2.8532024e-03
   1.8865618e-01   7.4652835e-02   1.6543503e-01   3.6529884e-03   3.5322353e-03  -2.9839016e-03
   2.1761556e-01   1.1301417e-01   1.1416686e-01   4.4494673e-03   3.9522114e-03  -2.8118744e-03
   8.4906073e-02   5.9583718e-02   1.0365672e-01   3.0431917e-03  -3.9899615e-04  -4.1638682e-03
   2.0055106e-01   1.6550485e-02   1.3009358e-01   5.9458129e-04   2.3084537e-03  -3.0841227e-03
   1.7689568e-01   1.8901741e-02   1.4798230e-01   7.7139314e-04   2.4235636e-03  -2.6438369e-03
   1.6624473e-01   6.1808555e-02   1.5650543e-01   2.2482888e-03   2.5516573e-03  -2.4195894e-03
   1.7862777e-01   4.1488851e-02   1.6176897e-01   2.1481852e-03   2.8441357e-03  -2.4039596e-03
   1.8433194e-01   1.3326623e-02   2.1916314e-01   2.0462863e-03   2.9764496e-03  -2.5210770e-03
   1.8860828e-01   3.1391045e-02   1.3391979e-01   2.2671986e-03   3.2192606e-03  -2.4988187e-03
   1.9307240e-01   3.0123214e-02   1.6449669e-01   2.2383353e-03   3.1644495e-03  -2.5763915e-03
   1.9717882e-01   3.4665871e-02   1.0393813e-01   2.1252405e-03   3.0994563e-03  -2.4764537e-03
   2.0289613e-01   3.5009015e-02   1.5810382e-01   2.4984815e-03   3.1234257e-03  -2.3693901e-03
   2.2624636e-01   1.1968975e-02   1.7678336e-01   1.9262477e-03   3.3897222e-03  -2.3404069e-03
   2.2739337e-01  -1.2856318e-02   1.6806243e-01   1.4849177e-03   3.6083996e-03  -2.3131353e-03
   2.2828885e-01  -3.4097829e-02   1.9918618e-01   1.4754195e-03   3.3583188e-03  -2.2191878e-03
   2.1733631e-01  -4.1640563e-03   1.3716278e-01   1.9037230e-03   3.4750172e-03  -2.3525235e-03
   2.1745457e-01   1.1064392e-02   1.6056364e-01   2.3171083e-03   3.2665570e-03  -2.2761208e-03
   2.1813197e-01   3.9115242e-02   1.5611461e-01   2.6110464e-03   3.6518098e-03  -2.1716505e-03
   2.1950932e-01   3.8921944e-02   1.5008643e-01   2.8935151e-03   3.6460136e-03  -2.2422603e-03
   2.2065476e-01   7.1787964e-02   1.4971239e-01   3.5040170e-03   3.6715652e-03  -2.2506796e-03
   2.2125253e-01   4.3478850e-02   1.4518788e-01   3.1199904e-03   3.6146817e-03  -2.1860372e-03
   2.1770818e-01   4.1900408e-02   1.6752762e-01   2.8738354e-03   3.6063991e-03  -2.1573492e-03
   2.2238457e-01   7.8807990e-02   1.4092760e-01   3.4227013e-03   3.6183892e-03  -2.1781788e-03
   2.2934760e-01   8.4692893e-02   1.4211544e-01   3.5600015e-03   3.6970446e-03  -2.1415693e-03
   2.3135609e-01   6.6860633e-02   1.7025617e-01   3.4942551e-03   3.7083019e-03  -2.1446224e-03
   2.1850922e-01   5.6709242e-02   1.7028950e-01   3.4692871e-03   3.6197185e-03  -2.2135588e-03
   2.2825574e-01   6.2447782e-02   1.6165859e-01   3.6232271e-03   3.6862333e-03  -2.0854191e-03
   2.3014070e-01   4.7197033e-02   1.6910070e-01   3.4509857e-03   3.9304787e-03  -2.1508961e-03
   2.2495703e-01   5.6665347e-02   1.6139432e-01   3.6974570e-03   3.8372263e-03  -2.1754682e-03
   2.2383865e-01   6.0206506e-02   1.5808832e-01   3.6381498e-03   3.9155107e-03  -2.1474468e-03
   2.2133656e-01   5.0197760e-02   2.0948781e-01   3.5023623e-03   3.3983591e-03  -2.1580005e-03
   2.3334450e-01   6.7387302e-02   1.7875339e-01   3.8942947e-03   3.7556571e-03  -2.1929607e-03
   2.3687273e-01   3.3748032e-02   2.2485004e-01   3.4792920e-03   3.7753231e-03  -2.2271471e-03
   2.3588818e-01   8.3681809e-02   1.5931262e-01   4.2479304e-03   4.0090000e-03  -2.1480034e-03
   2.2650749e-01   5.8592386e-02   2.0315479e-01   3.6744242e-03   3.8432369e-03  -2.1742847e-03
   2.3095764e-01   7.7601137e-02   1.7381971e-01   4.1720824e-03   4.0332669e-03  -2.2152357e-03
   2.2985641e-01   6.1754569e-02   1.6857244e-01   4.0157950e-03   4.0659316e-03  -2.2954955e-03
   2.3674830e-01   7.0466892e-02   1.7843810e-01   3.9584047e-03   4.1607211e-03  -2.1884334e-03
   2.3509499e-01   8.1314675e-02   1.0952307e-01   4.2058593e-03   4.2579041e-03  -2.3157785e-03
   2.2470298e-01   4.5519206e-02   1.5973359e-01   3.5282918e-03   4.0648159e-03  -2.3985366e-03
   2.2692458e-01   7.1236141e-02   1.3883592e-01   4.2052999e-03   4.1390979e-03  -2.2223262e-03
   2.3227526e-01   4.7540705e-02   1.7851538e-01   3.8672254e-03   4.1078746e-03  -2.2299242e-03
   2.2488601e-01   4.2334029e-02   1.7071786e-01   4.0752368e-03   4.0708040e-03  -2.3188500e-03
   2.3543229e-01   5.1355153e-02   1.4360486e-01   4.0283660e-03   4.0009406e-03  -2.2748439e-03
   2.3873974e-01   5.2972378e-02   1.7044717e-01   3.8597933e-03   3.7937390e-03  -2.2979247e-03
   2.3684671e-01   9.0254479e-02   1.2869647e-01   4.5867630e-03   4.0658717e-03  -2.2598432e-03
   2.3184027e-01   8.5347173e-02   1.7184183e-01   4.4295642e-03   3.9212036e-03  -2.0618704e-03
   2.3190363e-01   1.0400410e-01   1.9074339e-01   5.1252682e-03   4.1500096e-03  -2.2101055e-03
   2.3081567e-01   1.1534717e-01   1.7584081e-01   5.3721505e-03   4.2469920e-03  -2.2553170e-03
   1.8112638e-01   6.3191003e-02   2.6788800e-01   4.1714742e-03   4.0239970e-03  -2.2646431e-03
   2.2810854e-01   7.8762647e-02   2.1463823e-01   4.1895256e-03   4.2788055e-03  -2.4180268e-03
   2.2747296e-01   1.0231135e-01   2.1031765e-01   4.5301845e-03   4.2917166e-03  -2.2429742e-03
   2.2513913e-01   1.1673318e-01   2.0562695e-01   5.0175630e-03   4.2170143e-03  -2.0974398e-03
   2.2718975e-01   8.2505797e-02   2.9097165e-01   4.4912751e-03   4.3520867e-03  -2.1321079e-03
   2.1985498e-01   6.9093595e-02   2.6082342e-01   3.8714016e-03   4.2768015e-03  -2.1420040e-03
   2.3341267e-01   5.2838915e-02   2.7508553e-01   3.8187787e-03   4.4317281e-03  -2.1478805e-03
   2.3491498e-01   7.5655825e-02   2.5040159e-01   4.5608570e-03   4.3722987e-03  -2.1371052e-03
   2.3523592e-01   8.0261292e-02   2.5615774e-01   4.6727790e-03   4.4820372e-03  -1.9768589e-03
   2.3206100e-01   5.6349677e-02   2.5448149e-01   4.1734897e-03   4.5330653e-03  -2.1953085e-03
   2.2149688e-01   6.1481533e-02   1.8049806e-01   4.3344233e-03   4.2327860e-03  -2.2920977e-03
   2.2456022e-01   5.0762520e-02   2.2316632e-01   3.9092190e-03   4.2625672e-03  -2.3117225e-03
   2.3275575e-01   5.0979967e-02   1.9049420e-01   3.9539052e-03   4.3298902e-03  -2.2588975e-03
   2.2636434e-01   4.7940904e-02   1.9698798e-01   4.0997632e-03   4.3913519e-03  -2.2333145e-03
   2.3568535e-01   6.6051960e-02   1.9674644e-01   4.3080095e-03   4.4096174e-03  -2.1837970e-03
   2.3482015e-01   6.4289251e-02   1.7796596e-01   4.6257471e-03   4.4218426e-03  -2.2062022e-03
   2.3692827e-01   7.2455511e-02   2.0318547e-01   4.7409465e-03   4.3384450e-03  -2.1903839e-03
   2.4829701e-01   5.7343325e-02   1.8004720e-01   4.4243939e-03   4.6241761e-03  -2.2151973e-03
   2.3862272e-01   5.5882312e-02   2.0832171e-01   4.3702272e-03   4.4960159e-03  -2.2330064e-03
   2.5225163e-01   1.0774612e-01   2.0310571e-01   5.2579520e-03   4.3970291e-03  -2.1538101e-03
   2.6198237e-01   9.4540969e-02   2.0887601e-01   4.8600283e-03   4.3649871e-03  -1.8674836e-03
   2.4707001e-01   8.7949846e-02   2.3805647e-01   4.6524107e-03   4.2805852e-03  -1.9304048e-03
   2.4350123e-01   1.1349307e-01   2.1000143e-01   4.8458061e-03   4.4035331e-03  -2.0001492e-03
   2.5407810e-01   9.7710879e-02   2.5053856e-01   4.5539042e-03   4.7021255e-03  -1.7616727e-03
   2.5675796e-01   1.0365848e-01   2.2665271e-01   4.9243029e-03   4.8776864e-03  -1.4121836e-03
   2.3962191e-01   8.6231063e-02   2.8409677e-01   5.1040769e-03   4.3360346e-03  -1.5209083e-03
   2.3023211e-01   7.8431109e-02   2.6115371e-01   4.9821694e-03   4.1370878e-03  -1.3091751e-03
   2.2951665e-01   4.3297646e-02   2.5137396e-01   4.3253919e-03   4.4054090e-03  -1.2957496e-03
   2.4025591e-01   6.1171788e-02   2.6035646e-01   4.7534758e-03   4.4694915e-03  -1.1449531e-03
   2.4746093e-01   6.2856350e-02   2.2581803e-01   4.6466677e-03   4.5938982e-03  -1.0470807e-03
   2.3707453e-01   5.2754417e-02   2.7338390e-01   4.7147396e-03   4.3763118e-03  -1.1831366e-03
   2.3529663e-01   9.2089138e-02   2.2706387e-01   5.3718001e-03   4.5151028e-03  -1.0881312e-03
   2.3569893e-01   6.3291442e-02   2.4051243e-01   4.7376878e-03   4.5021061e-03  -1.0540057e-03
   2.2875225e-01   5.7941765e-02   1.8565295e-01   4.8664739e-03   4.4401414e-03  -1.3543981e-03
   2.3135459e-01   6.0637522e-02   2.1642473e-01   4.6906102e-03   4.2204603e-03  -1.1635028e-03
   2.4000718e-01   8.6788389e-02   2.1363796e-01   5.1362254e-03   4.2091452e-03  -1.1310983e-03
   2.3981437e-01   9.3917285e-02   2.1920587e-01   5.3532428e-03   4.3920761e-03  -1.0018961e-03
   2.3586303e-01   7.5602792e-02   2.6538372e-01   5.0161567e-03   4.4525897e-03  -1.1282444e-03
   2.4291472e-01   8.4808612e-02   1.7865221e-01   5.2451208e-03   4.2771467e-03  -1.0884150e-03
   2.1531009e-01   5.1269200e-02   2.4746821e-01   4.7662063e-03   3.9460916e-03  -1.1045024e-03
   2.3881629e-01   8.0133251e-02   2.6717629e-01   5.2995540e-03   4.1006664e-03  -1.0193628e-03
   2.3462277e-01   8.7422125e-02   2.4437788e-01   5.4434238e-03   4.2680642e-03  -1.0077792e-03
   2.3511724e-01   7.9196361e-02   2.9259324e-01   5.3263886e-03   4.3229448e-03  -1.0283963e-03
   2.3081741e-01   6.4706853e-02   2.3196297e-01   5.1381326e-03   4.3451790e-03  -9.7279638e-04
   2.3518955e-01   3.9271721e-02   2.7336437e-01   4.5966411e-03   4.3045631e-03  -1.0171491e-03
   2.4864650e-01   5.9657166e-02   2.2683698e-01   5.2288618e-03   4.4086324e-03  -1.0383716e-03
   2.4270125e-01   2.8064986e-02   2.8603368e-01   4.7160323e-03   4.4483060e-03  -1.0030052e-03
   2.3877307e-01   3.8459629e-02   2.3187699e-01   5.0438670e-03   4.2202530e-03  -9.0177380e-04
   2.3206916e-01   3.3645986e-02   2.4600894e-01   4.7717307e-03   4.2519209e-03  -1.0276712e-03
   2.2546316e-01   4.9429329e-02   2.2840159e-01   5.0729306e-03   4.0849179e-03  -9.2522710e-04
   2.2539703e-01   6.2156849e-02   2.3298842e-01   5.0412297e-03   4.2736145e-03  -9.6771735e-04
   2.2922694e-01   6.0800913e-02   2.5986026e-01   4.8133716e-03   4.2532214e-03  -9.4044185e-04
   2.4034690e-01   8.4124493e-02   2.3496526e-01   4.9575576e-03   4.6601304e-03  -7.7488640e-04
   2.3296405e-01   9.0456766e-02   2.7785604e-01   5.1581368e-03   4.3527362e-03  -7.1818486e-04
   2.2020506e-01   1.0697915e-01   2.6994198e-01   5.4260237e-03   4.6110586e-03  -8.1352077e-04
   2.2961611e-01   8.1371411e-02   3.1827470e-01   4.8488315e-03   4.6690607e-03  -6.0075677e-04
   2.2652509e-01   1.0601835e-01   3.0186948e-01   5.3269304e-03   4.7062683e-03  -6.1766873e-04
   2.3597504e-01   4.8728393e-02   4.6848572e-01   4.9149665e-03   4.8256665e-03  -1.0605547e-03
   1.7308468e-01  -2.7291409e-01   1.2540047e+00   1.8017669e-03   4.8754745e-03  -2.7845228e-03
   1.5910020e-01  -9.3899843e-02   1.6315049e-01  -2.9792088e-03   3.1755679e-03  -1.9799132e-03
   1.4106049e-01  -1.0958957e-01   5.3416025e-02  -4.7546375e-03   4.2270114e-03  -2.8624602e-03
